[?25l[0m                                        [0m
                                        [0m
                [38;2;81;51;94m▄[38;2;80;47;102m▄[38;2;69;38;99m▄[38;2;39;19;64m▄[0m                    [0m
              [38;2;70;45;79m▄[38;2;132;102;168;48;2;90;62;106m▄[38;2;125;97;159;48;2;127;85;153m▄[38;2;94;55;102;48;2;93;59;105m▄[38;2;95;36;95;48;2;76;44;99m▄[38;2;142;43;86;48;2;72;32;101m▄[38;2;156;52;76;48;2;75;32;100m▄[38;2;139;39;77;48;2;66;28;87m▄[38;2;68;19;40;48;2;38;17;58m▄[0m                 [0m
              [7m[38;2;72;46;81m▄[0m[38;2;118;70;120;48;2;133;103;170m▄[38;2;149;69;113;48;2;114;89;138m▄[38;2;174;70;61;48;2;125;48;85m▄[38;2;229;171;125;48;2;161;56;87m▄[38;2;209;125;119;48;2;191;72;81m▄[38;2;159;48;67;48;2;167;57;73m▄[38;2;187;76;62;48;2;147;42;76m▄[38;2;170;62;66;48;2;178;70;68m▄[38;2;173;65;70;48;2;190;81;61m▄[38;2;182;59;76;48;2;155;43;74m▄[38;2;147;40;70;48;2;78;21;41m▄[0m[38;2;71;20;45m▄[0m [38;2;90;78;110m▄[38;2;108;98;163m▄[38;2;78;97;188m▄[38;2;86;65;109m▄[38;2;84;54;97m▄[38;2;58;43;94m▄[0m      [0m
              [38;2;82;24;39;48;2;113;31;60m▄[38;2;189;68;73;48;2;174;63;71m▄[38;2;212;106;55;48;2;207;112;54m▄[38;2;199;95;68;48;2;228;141;37m▄[38;2;170;68;64;48;2;238;155;30m▄[38;2;140;64;62;48;2;211;108;57m▄[38;2;126;79;70;48;2;155;62;57m▄[38;2;167;75;63;48;2;217;111;41m▄[38;2;217;107;60;48;2;182;71;71m▄[38;2;175;54;75;48;2;149;40;70m▄[38;2;139;39;74;48;2;145;40;75m▄[38;2;90;58;105;48;2;116;37;88m▄[38;2;147;162;189;48;2;110;65;121m▄[38;2;153;173;201;48;2;142;154;173m▄[38;2;127;117;153;48;2;170;199;191m▄[38;2;95;68;112;48;2;181;158;156m▄[38;2;92;58;104;48;2;147;144;177m▄[38;2;87;59;130;48;2;135;105;171m▄[38;2;78;60;160;48;2;128;83;158m▄[38;2;90;60;127;48;2;94;80;194m▄[38;2;81;58;122;48;2;73;57;140m▄[38;2;65;35;95;48;2;36;19;53m▄[0m[38;2;45;22;73m▄[38;2;30;13;43m▄[0m  [0m
               [7m[38;2;97;30;42m▄[0m[38;2;86;24;43;48;2;148;44;62m▄[38;2;93;50;65;48;2;131;46;79m▄[38;2;163;111;112;48;2;99;56;105m▄[38;2;186;130;116;48;2;129;86;81m▄[38;2;122;81;125;48;2;129;88;99m▄[38;2;108;87;133;48;2;116;69;87m▄[38;2;131;58;97;48;2;164;62;78m▄[38;2;154;42;75;48;2;187;66;76m▄[38;2;140;68;128;48;2;130;53;93m▄[38;2;119;77;131;48;2;132;99;164m▄[38;2;120;59;100;48;2;134;112;172m▄[0m[7m[38;2;73;73;160m▄[38;2;45;31;62m▄[0m  [7m[38;2;28;16;36m▄[38;2;48;26;81m▄[0m[38;2;23;11;23;48;2;56;28;87m▄[0m[7m[38;2;56;28;85m▄[38;2;33;15;45m▄[38;2;24;11;29m▄[0m   [0m
               [38;2;97;39;87m▄[38;2;143;73;115;48;2;123;33;55m▄[38;2;103;80;122;48;2;87;42;52m▄[38;2;109;74;97;48;2;166;131;98m▄[38;2;167;104;96;48;2;223;201;183m▄[38;2;143;91;81;48;2;198;163;128m▄[38;2;132;67;67;48;2;157;112;105m▄[38;2;194;84;65;48;2;154;59;86m▄[38;2;159;59;78;48;2;171;52;79m▄[38;2;90;34;96;48;2;118;52;96m▄[38;2;159;56;68;48;2;181;84;69m▄[38;2;215;103;48;48;2;203;96;56m▄[38;2;155;58;52;48;2;131;40;53m▄[0m            [0m
      [38;2;92;59;97m▄[38;2;127;93;158m▄[38;2;142;115;184;48;2;99;73;122m▄[0m[38;2;116;93;149m▄[0m    [38;2;65;43;112;48;2;60;34;88m▄[38;2;141;114;179;48;2;141;131;162m▄[38;2;134;115;171;48;2;168;199;193m▄[38;2;89;60;115;48;2;135;119;172m▄[38;2;117;127;150;48;2;112;81;140m▄[38;2;166;217;206;48;2;147;157;171m▄[38;2;174;228;207;48;2;159;199;175m▄[38;2;178;174;168;48;2;182;142;126m▄[38;2;159;177;188;48;2;193;98;101m▄[38;2;149;176;201;48;2;140;112;166m▄[38;2;131;114;163;48;2;101;69;124m▄[38;2;95;45;103;48;2;110;39;90m▄[38;2;177;78;61;48;2;179;58;74m▄[38;2;195;71;75;48;2;178;55;76m▄[38;2;108;28;46;48;2;81;21;34m▄[0m           [0m
      [38;2;72;26;46;48;2;99;53;59m▄[38;2;111;69;98;48;2;134;108;171m▄[38;2;136;114;177;48;2;142;111;181m▄[38;2;143;117;185;48;2;143;116;185m▄[38;2;143;123;190;48;2;116;94;150m▄[0m[38;2;125;96;158m▄[38;2;130;98;166;48;2;34;18;54m▄[38;2;131;97;172;48;2;51;35;107m▄[38;2;131;96;173;48;2;69;59;165m▄[38;2;136;97;166;48;2;120;83;149m▄[38;2;109;73;141;48;2;97;60;129m▄[38;2;118;81;146;48;2;101;63;120m▄[38;2;114;82;143;48;2;116;112;149m▄[38;2;132;98;176;48;2;146;154;193m▄[38;2;132;96;172;48;2;146;150;189m▄[38;2;133;95;165m▄[38;2;131;92;164;48;2;145;144;187m▄[38;2;119;78;161;48;2;134;102;170m▄[38;2;90;71;179;48;2;128;82;154m▄[38;2;70;60;170;48;2;103;63;127m▄[38;2;110;37;88;48;2;126;49;86m▄[38;2;178;64;66;48;2;168;51;69m▄[38;2;158;48;70;48;2;110;31;50m▄[38;2;127;36;67;48;2;76;21;42m▄[0m[38;2;105;29;58m▄[0m         [0m
      [38;2;80;62;116;48;2;95;74;133m▄[38;2;122;86;151;48;2;108;76;105m▄[38;2;104;63;80;48;2;120;98;116m▄[38;2;115;87;49;48;2;136;118;156m▄[38;2;104;67;40;48;2;128;109;150m▄[38;2;116;104;102;48;2;141;148;188m▄[38;2;120;119;110;48;2;146;162;201m▄[38;2;120;119;108;48;2;146;154;195m▄[48;2;146;147;188m▄[38;2;117;107;89;48;2;142;133;172m▄[38;2;112;86;40;48;2;128;92;132m▄[38;2;118;83;102;48;2;109;73;138m▄[38;2;98;74;161;48;2;86;60;152m▄[38;2;58;59;179;48;2;61;58;175m▄[38;2;56;58;181;48;2;62;55;166m▄[38;2;56;56;176;48;2;64;47;139m▄[38;2;61;40;128;48;2;66;42;126m▄[38;2;59;60;178;48;2;60;68;199m▄[38;2;43;125;215;48;2;53;93;242m▄[38;2;46;105;232;48;2;55;80;225m▄[38;2;60;60;178;48;2;89;41;117m▄[38;2;127;38;85;48;2;149;42;73m▄[38;2;159;43;71;48;2;176;50;78m▄[38;2;142;38;60;48;2;133;36;63m▄[38;2;117;33;58;48;2;138;38;76m▄[38;2;96;27;53;48;2;82;22;45m▄[0m[38;2;8;8;8m▄[0m [38;2;128;33;53m▄[38;2;176;54;74m▄[38;2;165;62;57m▄[38;2;101;26;42m▄[0m  [0m
 [38;2;107;37;42m▄[38;2;107;71;33m▄[38;2;63;35;20m▄[0m  [38;2;87;52;112;48;2;51;26;80m▄[38;2;111;78;135;48;2;90;58;126m▄[38;2;117;99;152;48;2;93;68;130m▄[38;2;129;107;167;48;2;102;63;78m▄[38;2;112;78;104;48;2;107;76;38m▄[38;2;116;52;54;48;2;114;72;100m▄[38;2;107;61;64;48;2;116;90;61m▄[38;2;112;67;107;48;2;119;94;72m▄[38;2;115;73;108;48;2;120;94;72m▄[38;2;114;72;110m▄[38;2;113;71;109;48;2;114;82;73m▄[38;2;106;70;61;48;2;113;86;49m▄[38;2;106;76;50;48;2;119;85;106m▄[38;2;61;100;202;48;2;78;91;218m▄[38;2;42;108;240;48;2;53;89;239m▄[38;2;52;93;243;48;2;55;74;216m▄[38;2;57;60;182;48;2;57;53;167m▄[38;2;60;57;170;48;2;60;57;170m▄[38;2;41;136;199;48;2;41;135;202m▄[38;2;38;133;208;48;2;42;114;232m▄[38;2;51;95;243;48;2;56;76;220m▄[38;2;64;58;172;48;2;79;43;126m▄[38;2;103;38;98;48;2;150;42;80m▄[38;2;143;42;84;48;2;182;52;82m▄[38;2;158;42;69;48;2;146;40;63m▄[38;2;164;45;71;48;2;81;25;38m▄[38;2;96;39;99;48;2;32;13;29m▄[0m[38;2;69;68;158m▄[38;2;157;57;85;48;2;170;52;71m▄[38;2;213;99;53;48;2;208;91;61m▄[38;2;219;109;44;48;2;214;103;51m▄[38;2;205;87;64;48;2;176;58;71m▄[38;2;132;39;53;48;2;116;30;48m▄[0m [0m
[7m[38;2;51;13;18m▄[0m[38;2;84;22;30;48;2;134;39;54m▄[38;2;109;30;42;48;2;158;67;56m▄[38;2;133;70;49;48;2;137;87;41m▄[38;2;124;63;59;48;2;78;33;46m▄[38;2;71;32;93;48;2;66;37;90m▄[38;2;106;66;130;48;2;118;75;141m▄[38;2;136;93;164;48;2;133;94;161m▄[38;2;139;98;170;48;2;126;86;151m▄[38;2;123;78;145;48;2;115;78;131m▄[38;2;107;51;93;48;2;164;86;85m▄[38;2;124;92;142;48;2;164;76;80m▄[38;2;124;108;162;48;2;136;81;121m▄[38;2;127;135;168;48;2;135;128;178m▄[38;2;148;183;176;48;2;135;139;183m▄[38;2;171;223;207;48;2;92;128;208m▄[38;2;166;220;207;48;2;82;122;209m▄[38;2;113;190;190;48;2;60;112;205m▄[38;2;68;166;180;48;2;55;111;205m▄[38;2;32;155;175;48;2;41;137;196m▄[38;2;39;116;233;48;2;39;115;234m▄[38;2;49;98;242;48;2;49;98;242m▄[38;2;57;60;182;48;2;57;60;182m▄[38;2;63;33;109;48;2;60;45;141m▄[38;2;48;95;195;48;2;42;127;180m▄[38;2;32;153;178;48;2;33;150;183m▄[38;2;44;127;209;48;2;47;105;237m▄[38;2;86;92;228;48;2;56;83;236m▄[38;2;111;110;211;48;2;64;71;198m▄[38;2;104;89;141;48;2;85;40;105m▄[38;2;115;36;85;48;2;147;41;74m▄[38;2;122;35;71;48;2;181;51;81m▄[38;2;72;41;115;48;2;107;48;116m▄[38;2;43;61;173;48;2;48;95;224m▄[38;2;47;36;112;48;2;81;59;165m▄[38;2;105;31;58;48;2;174;60;82m▄[38;2;119;35;49;48;2;202;86;60m▄[38;2;115;32;48;48;2;178;64;63m▄[38;2;47;17;23;48;2;120;33;49m▄[0m [0m
  [7m[38;2;82;21;28m▄[0m[38;2;85;22;30;48;2;106;31;41m▄[38;2;136;36;56;48;2;136;56;53m▄[38;2;122;36;80;48;2;102;34;81m▄[38;2;67;30;92;48;2;73;41;103m▄[38;2;71;40;100;48;2;99;62;115m▄[38;2;82;51;97;48;2;105;69;121m▄[38;2;78;47;96;48;2;98;62;115m▄[38;2;76;31;75;48;2;76;44;99m▄[38;2;103;50;47;48;2;87;53;97m▄[38;2;164;71;67;48;2;117;73;131m▄[38;2;139;73;71;48;2;125;99;156m▄[38;2;125;93;145;48;2;125;114;166m▄[38;2;135;120;182;48;2;121;130;150m▄[38;2;123;119;164;48;2;149;187;183m▄[38;2;138;171;181;48;2;176;230;206m▄[38;2;145;183;195;48;2;151;208;201m▄[38;2;134;149;203;48;2;71;162;184m▄[38;2;64;93;235;48;2;41;114;234m▄[38;2;63;63;171;48;2;49;96;238m▄[38;2;75;48;112;48;2;61;51;153m▄[38;2;63;42;129;48;2;63;31;104m▄[38;2;64;41;116;48;2;56;77;198m▄[38;2;128;101;180;48;2;54;116;221m▄[38;2;132;120;188;48;2;87;117;209m▄[38;2;95;86;139;48;2;139;151;195m▄[38;2;106;100;152;48;2;134;155;181m▄[38;2;129;145;180;48;2;116;121;165m▄[38;2;134;166;186;48;2;126;153;177m▄[38;2;123;111;165;48;2;122;138;169m▄[38;2;55;37;70;48;2;72;57;106m▄[0m[7m[38;2;19;15;25m▄[38;2;13;13;13m▄[0m     [0m
 [38;2;8;8;8m▄[38;2;13;13;13m▄[38;2;17;15;15;48;2;44;15;18m▄[38;2;35;16;18;48;2;93;25;35m▄[38;2;37;16;18;48;2;119;32;48m▄[38;2;22;15;15;48;2;56;20;35m▄[38;2;15;15;15;48;2;41;22;64m▄[48;2;42;23;66m▄[48;2;39;21;60m▄[38;2;43;18;21;48;2;72;23;35m▄[38;2;87;26;37;48;2;137;65;49m▄[38;2;91;33;37;48;2;184;95;37m▄[38;2;126;50;48;48;2;174;104;36m▄[38;2;172;65;59;48;2;127;54;59m▄[38;2;103;53;86;48;2;118;80;134m▄[38;2;136;100;169;48;2;142;128;192m▄[38;2;142;128;193;48;2;121;103;158m▄[38;2;138;114;179;48;2;118;92;148m▄[38;2;130;92;161;48;2;107;92;157m▄[38;2;127;87;157;48;2;81;71;173m▄[38;2;97;61;129;48;2;96;63;119m▄[38;2;70;74;200;48;2;67;48;130m▄[38;2;58;66;190;48;2;59;68;197m▄[38;2;34;20;51;48;2;44;26;65m▄[38;2;10;10;10;48;2;84;62;102m▄[0m[7m[38;2;70;49;91m▄[0m[38;2;21;12;31;48;2;64;38;102m▄[38;2;45;28;66;48;2;106;86;149m▄[38;2;51;31;74;48;2;84;52;120m▄[38;2;14;11;18;48;2;47;25;75m▄[0m[7m[38;2;30;17;47m▄[0m        [0m
   [7m[38;2;9;9;9m▄▄▄▄▄[38;2;12;12;12m▄[38;2;15;15;15m▄[0m[38;2;9;9;9;48;2;17;15;15m▄[38;2;38;17;20;48;2;60;20;26m▄[38;2;68;22;29;48;2;72;23;31m▄[38;2;72;23;31;48;2;77;24;33m▄[38;2;100;28;41;48;2;133;38;54m▄[38;2;74;30;60;48;2;85;39;62m▄[38;2;81;50;97;48;2;107;68;124m▄[38;2;99;62;115;48;2;134;98;167m▄[38;2;101;63;118;48;2;137;107;175m▄[38;2;91;54;117;48;2;135;93;164m▄[38;2;70;39;101;48;2;109;69;129m▄[38;2;102;65;133;48;2;92;59;120m▄[38;2;121;80;146;48;2;124;89;164m▄[38;2;33;20;48;48;2;55;34;94m▄[0m[7m[38;2;12;11;14m▄[0m               [0m
           [38;2;12;12;12;48;2;16;15;15m▄[38;2;15;15;15;48;2;37;17;19m▄[38;2;16;15;15;48;2;63;21;27m▄[48;2;65;21;27m▄[48;2;52;20;30m▄[38;2;15;15;17;48;2;49;26;73m▄[38;2;14;13;16;48;2;60;32;90m▄[38;2;8;7;10;48;2;59;32;90m▄[0m[7m[38;2;34;19;51m▄[38;2;24;16;34m▄[0m[38;2;7;7;7;48;2;34;24;41m▄[0m[7m[38;2;37;26;43m▄[0m                 [0m
[?25h